{"0": [{"cam_R_m2c": [-0.12863677740097046, -0.8032052516937256, 0.5816477537155151, -0.8556474447250366, 0.3863915205001831, 0.34433886408805847, -0.5013184547424316, -0.45339080691337585, -0.7369644045829773], "cam_t_m2c": [-46.10716700553894, 190.62906503677368, 603.0054092407227], "obj_id": 16}, {"cam_R_m2c": [-0.10319137573242188, -0.5074629783630371, 0.8554723858833313, -0.9021155834197998, 0.41002678871154785, 0.13440868258476257, -0.41897398233413696, -0.7578650712966919, -0.5001013278961182], "cam_t_m2c": [131.60333633422852, 155.02140522003174, 605.5087566375732], "obj_id": 15}, {"cam_R_m2c": [-0.036738812923431396, -0.9993239045143127, -0.0014604628086090088, -0.8165929913520813, 0.029178500175476074, 0.5764760971069336, -0.5760437250137329, 0.02237159013748169, -0.8171127438545227], "cam_t_m2c": [100.29784440994263, 132.50200748443604, 676.4492034912109], "obj_id": 2}, {"cam_R_m2c": [0.6628413796424866, 0.726980447769165, -0.1792779564857483, 0.26140114665031433, -0.4490434527397156, -0.8544175028800964, -0.7016485333442688, 0.5194796919822693, -0.4876781702041626], "cam_t_m2c": [253.16228866577148, 44.28057074546814, 721.3217258453369], "obj_id": 18}, {"cam_R_m2c": [0.2002071738243103, 0.47228553891181946, 0.8584074974060059, -0.42375651001930237, 0.8316990733146667, -0.35875773429870605, -0.8833727836608887, -0.2919299006462097, 0.3666461706161499], "cam_t_m2c": [220.86057662963867, 147.24634885787964, 598.1130599975586], "obj_id": 20}, {"cam_R_m2c": [-0.9144090414047241, 0.3290349543094635, -0.2357804775238037, 0.20888426899909973, 0.8824824690818787, 0.4214170575141907, 0.346733033657074, 0.33609670400619507, -0.8756799101829529], "cam_t_m2c": [-15.977992117404938, 52.94443964958191, 735.5543613433838], "obj_id": 22}, {"cam_R_m2c": [-0.9020563364028931, -0.32078003883361816, 0.288781076669693, 0.14560604095458984, -0.8560075163841248, -0.4960342347621918, 0.4063166677951813, -0.4054025709629059, 0.8188745379447937], "cam_t_m2c": [-68.73456239700317, 52.46347188949585, 717.7677631378174], "obj_id": 9}, {"cam_R_m2c": [0.5722770690917969, 0.7443139553070068, -0.34423232078552246, -0.18257278203964233, -0.29358965158462524, -0.9383349418640137, -0.7994787693023682, 0.5998350381851196, -0.03212311863899231], "cam_t_m2c": [-19.00489628314972, 103.9649486541748, 668.3307647705078], "obj_id": 4}, {"cam_R_m2c": [-0.018359310925006866, 0.21186339855194092, -0.9771266579627991, -0.7311802506446838, -0.6694087982177734, -0.1314048171043396, -0.681937038898468, 0.712043285369873, 0.1672002077102661], "cam_t_m2c": [100.62730312347412, 32.92616009712219, 816.8566703796387], "obj_id": 28}, {"cam_R_m2c": [-0.9857098460197449, -0.07558958977460861, -0.15053851902484894, 0.09299018234014511, 0.5009824633598328, -0.8604469895362854, 0.14045803248882294, -0.8621498942375183, -0.4867945909500122], "cam_t_m2c": [-135.8818769454956, 86.32362484931946, 679.6412944793701], "obj_id": 12}, {"cam_R_m2c": [0.17359459400177002, 0.2431790828704834, 0.9543210864067078, 0.8591705560684204, -0.5110247731208801, -0.026067495346069336, 0.481342613697052, 0.8244498372077942, -0.2976434826850891], "cam_t_m2c": [200.8514404296875, 21.48148864507675, 850.6143569946289], "obj_id": 3}, {"cam_R_m2c": [-0.18832769989967346, 0.13328447937965393, -0.973020076751709, -0.7303860187530518, -0.6813435554504395, 0.04803532361984253, -0.656558632850647, 0.7197265625, 0.22566497325897217], "cam_t_m2c": [248.2591152191162, 186.34350299835205, 548.6093044281006], "obj_id": 8}, {"cam_R_m2c": [0.4280231297016144, -0.9037235379219055, 0.008948326110839844, -0.44282644987106323, -0.2010805308818817, 0.8737684488296509, -0.7878457903862, -0.3779556453227997, -0.4862597584724426], "cam_t_m2c": [252.12531089782715, 105.52859306335449, 667.266321182251], "obj_id": 21}, {"cam_R_m2c": [-0.09074956178665161, 0.15845082700252533, -0.9831874370574951, -0.21925733983516693, 0.959857165813446, 0.1749286949634552, 0.9714373350143433, 0.2314458191394806, -0.05236531049013138], "cam_t_m2c": [326.7739772796631, 113.4775161743164, 627.057409286499], "obj_id": 10}, {"cam_R_m2c": [-0.7947260141372681, -0.3880462646484375, -0.46672388911247253, 0.21664118766784668, 0.5369486212730408, -0.8153240084648132, 0.5669900178909302, -0.7490705847740173, -0.3426598608493805], "cam_t_m2c": [-11.34941354393959, 154.06280755996704, 652.9028415679932], "obj_id": 27}, {"cam_R_m2c": [-0.2994377017021179, -0.9470878839492798, 0.11559262871742249, -0.6941579580307007, 0.13313055038452148, -0.707404375076294, 0.6545852422714233, -0.2920630872249603, -0.6972928643226624], "cam_t_m2c": [51.57344937324524, 190.78823328018188, 582.9546451568604], "obj_id": 15}, {"cam_R_m2c": [-0.06816854327917099, 0.9705787897109985, -0.23093260824680328, -0.8690924644470215, -0.17143920063972473, -0.4639902710914612, -0.48993003368377686, 0.1690722107887268, 0.8552094101905823], "cam_t_m2c": [161.5121841430664, 93.69516372680664, 727.657413482666], "obj_id": 2}, {"cam_R_m2c": [-0.029344886541366577, 0.10009387135505676, 0.9945452809333801, 0.8703961372375488, -0.4866584837436676, 0.07466039061546326, 0.49147695302963257, 0.8678392171859741, -0.07284033298492432], "cam_t_m2c": [288.8937711715698, 86.06984615325928, 683.3394527435303], "obj_id": 27}]}