{
  "0": [{"cam_R_m2c": [-0.17763528678545404, -0.8011423475661127, 0.5715038441033511, -0.8396485251746967, 0.4262722603613766, 0.3365743814052987, -0.5132602254808044, -0.4200748730674815, -0.7483989858068576], "cam_t_m2c": [-45.410411249125474, 190.1174457601487, 603.462005663451], "obj_id": 16}, {"cam_R_m2c": [-0.29534963974565315, -0.4201195098195109, 0.8580607133362574, -0.6618347200348955, 0.7376893277912094, 0.13337638103984265, -0.6890162506490283, -0.528501705893148, -0.4959259553699402], "cam_t_m2c": [128.98029962837538, 154.42198725410498, 606.1988295496355], "obj_id": 15}, {"cam_R_m2c": [-0.013553226532647036, -0.9997260902786302, -0.019080211391880385, -0.8341584479169858, 0.000782552216180254, 0.5515243162189263, -0.5513583170854323, 0.023390853516557304, -0.8339405699163981], "cam_t_m2c": [100.12100000000001, 131.938, 676.317], "obj_id": 2}, {"cam_R_m2c": [0.681993589264993, 0.7066113860329296, -0.18864011590877042, 0.24121509179099757, -0.4608213266825031, -0.8540837103977797, -0.690434662870943, 0.5369767723125459, -0.4847225209365533], "cam_t_m2c": [252.72453705259352, 44.761971277822276, 721.6748185642505], "obj_id": 18}, {"cam_R_m2c": [0.21160491087362643, 0.47349423692615084, 0.8550009177140612, -0.4227065294678727, 0.8330967365154482, -0.3567478346851407, -0.8812165180245948, -0.28592487685584866, 0.37643646629355226], "cam_t_m2c": [220.35442487291348, 147.54510899464444, 598.2240793860105], "obj_id": 20}, {"cam_R_m2c": [-0.9199844772920687, 0.31755654541455247, -0.22975291511973162, 0.2005553546107284, 0.8850102440118882, 0.42015999063569015, 0.33675823862023685, 0.3404624919993295, -0.8778833523099765], "cam_t_m2c": [-16.686137168374497, 52.889726676964436, 735.6409983984687], "obj_id": 22}, {"cam_R_m2c": [-0.9060578894114095, -0.3210171547294351, 0.27569382910170454, 0.15653019047980918, -0.8595713941772003, -0.48645176305633725, 0.39313788993646565, -0.39759905015188624, 0.8290703195837017], "cam_t_m2c": [-69.48239366765642, 52.552011899224794, 717.9807515786258], "obj_id": 9}, {"cam_R_m2c": [0.6020872250307213, 0.7208993646950811, -0.3432128777261048, -0.1812637982524104, -0.2952195205570332, -0.93807721970272, -0.7775824129299191, 0.6270163799011187, -0.04707494490470415], "cam_t_m2c": [-20.034, 103.962, 668.348], "obj_id": 4}, {"cam_R_m2c": [-0.005735146115179227, 0.25693690838306377, -0.9664111615713007, -0.8239535798724149, -0.5488280989388115, -0.1410255864396325, -0.5666282787811332, 0.7954691338611217, 0.21485169480310617], "cam_t_m2c": [100.67965645035142, 34.1650086990241, 816.5190692476714], "obj_id": 28}, {"cam_R_m2c": [-0.987618638377573, -0.0431255313367978, -0.1508297506334463, 0.1114395744555725, 0.48383557883881456, -0.8680347653722575, 0.1104112601793388, -0.8740957162671764, -0.47303914471107167], "cam_t_m2c": [-137.37018130093745, 87.17889815648735, 680.3099558794999], "obj_id": 12}, {"cam_R_m2c": [0.1550048302152016, 0.23926304440516985, 0.9585023203894326, 0.8653962528727606, -0.5008659370225563, -0.014921080533992133, 0.4765110996857699, 0.8317971559896598, -0.28469398160792203], "cam_t_m2c": [200.7860402568724, 21.41420925150731, 852.2789137968886], "obj_id": 3}, {"cam_R_m2c": [-0.29512219295927516, 0.6499725044476485, -0.7003132404038638, -0.825036351805398, -0.5430297802367829, -0.15631275052160928, -0.4818899349670503, 0.531652519262387, 0.6965110834289784], "cam_t_m2c": [259.7685267355314, 181.68841768207858, 551.9379397302984], "obj_id": 8}, {"cam_R_m2c": [-0.1204987333894868, -0.07040923919420954, 0.9902134084567943, -0.8982976259264613, 0.4323047893857907, -0.07857445086661836, -0.42254163168427905, -0.8989744757834895, -0.11534063197064336], "cam_t_m2c": [246.09189037615457, 98.19001452927112, 672.468690531812], "obj_id": 21}, {"cam_R_m2c": [-0.07677630817740101, 0.16449186653514644, -0.9833858979802549, -0.32003780658266595, 0.9300406547709891, 0.1805552071553349, 0.9442887274877346, 0.3285830280415185, -0.018761471761612386], "cam_t_m2c": [330.1175155197098, 111.56056892489818, 627.4563892145827], "obj_id": 10}, {"cam_R_m2c": [-0.8284207054386343, -0.3438784743325979, -0.44211619478508163, 0.2335772414470066, 0.5053285614314023, -0.8307133785365903, 0.5090783899151116, -0.7914484442415403, -0.338302457911679], "cam_t_m2c": [-13.079626396494472, 154.57776236957744, 651.3979578634327], "obj_id": 27}, {"cam_R_m2c": [-0.6408498462543872, -0.7617388991110097, 0.09521199576143476, -0.5541182352587989, 0.37317062533640993, -0.7441079664535969, 0.5312856631882727, -0.5296201789652467, -0.6612397523768647], "cam_t_m2c": [51.678218632281364, 194.1004544552988, 585.0998859932416], "obj_id": 15}, {"cam_R_m2c": [-0.025343824154777345, 0.9724866324700834, -0.23157599237444423, -0.8757775610623615, -0.13330150226662366, -0.46394436415708623, -0.4820491200249965, 0.19105093341948962, 0.8550603409834118], "cam_t_m2c": [160.51600000000002, 94.149, 727.53], "obj_id": 2}, {"cam_R_m2c": [0.27487659178527424, 0.23779643221749144, 0.9316092078297336, 0.8784018766492426, -0.45610422728472644, -0.1427553044621854, 0.3909641957872873, 0.857567368011187, -0.33425320781522067], "cam_t_m2c": [298.6351332952074, 85.55009280578523, 682.9347141993304], "obj_id": 27}],
  "1": [{"cam_R_m2c": [-0.17763528678545404, -0.8011423475661127, 0.5715038441033511, -0.8396485251746967, 0.4262722603613766, 0.3365743814052987, -0.5132602254808044, -0.4200748730674815, -0.7483989858068576], "cam_t_m2c": [-45.410411249125474, 190.1174457601487, 603.462005663451], "obj_id": 16}, {"cam_R_m2c": [-0.29534963974565315, -0.4201195098195109, 0.8580607133362574, -0.6618347200348955, 0.7376893277912094, 0.13337638103984265, -0.6890162506490283, -0.528501705893148, -0.4959259553699402], "cam_t_m2c": [128.98029962837538, 154.42198725410498, 606.1988295496355], "obj_id": 15}, {"cam_R_m2c": [-0.013553226532647036, -0.9997260902786302, -0.019080211391880385, -0.8341584479169858, 0.000782552216180254, 0.5515243162189263, -0.5513583170854323, 0.023390853516557304, -0.8339405699163981], "cam_t_m2c": [100.12100000000001, 131.938, 676.317], "obj_id": 2}, {"cam_R_m2c": [0.681993589264993, 0.7066113860329296, -0.18864011590877042, 0.24121509179099757, -0.4608213266825031, -0.8540837103977797, -0.690434662870943, 0.5369767723125459, -0.4847225209365533], "cam_t_m2c": [252.72453705259352, 44.761971277822276, 721.6748185642505], "obj_id": 18}, {"cam_R_m2c": [0.21160491087362643, 0.47349423692615084, 0.8550009177140612, -0.4227065294678727, 0.8330967365154482, -0.3567478346851407, -0.8812165180245948, -0.28592487685584866, 0.37643646629355226], "cam_t_m2c": [220.35442487291348, 147.54510899464444, 598.2240793860105], "obj_id": 20}, {"cam_R_m2c": [-0.9199844772920687, 0.31755654541455247, -0.22975291511973162, 0.2005553546107284, 0.8850102440118882, 0.42015999063569015, 0.33675823862023685, 0.3404624919993295, -0.8778833523099765], "cam_t_m2c": [-16.686137168374497, 52.889726676964436, 735.6409983984687], "obj_id": 22}, {"cam_R_m2c": [-0.9060578894114095, -0.3210171547294351, 0.27569382910170454, 0.15653019047980918, -0.8595713941772003, -0.48645176305633725, 0.39313788993646565, -0.39759905015188624, 0.8290703195837017], "cam_t_m2c": [-69.48239366765642, 52.552011899224794, 717.9807515786258], "obj_id": 9}, {"cam_R_m2c": [0.6020872250307213, 0.7208993646950811, -0.3432128777261048, -0.1812637982524104, -0.2952195205570332, -0.93807721970272, -0.7775824129299191, 0.6270163799011187, -0.04707494490470415], "cam_t_m2c": [-20.034, 103.962, 668.348], "obj_id": 4}, {"cam_R_m2c": [-0.005735146115179227, 0.25693690838306377, -0.9664111615713007, -0.8239535798724149, -0.5488280989388115, -0.1410255864396325, -0.5666282787811332, 0.7954691338611217, 0.21485169480310617], "cam_t_m2c": [100.67965645035142, 34.1650086990241, 816.5190692476714], "obj_id": 28}, {"cam_R_m2c": [-0.987618638377573, -0.0431255313367978, -0.1508297506334463, 0.1114395744555725, 0.48383557883881456, -0.8680347653722575, 0.1104112601793388, -0.8740957162671764, -0.47303914471107167], "cam_t_m2c": [-137.37018130093745, 87.17889815648735, 680.3099558794999], "obj_id": 12}, {"cam_R_m2c": [0.1550048302152016, 0.23926304440516985, 0.9585023203894326, 0.8653962528727606, -0.5008659370225563, -0.014921080533992133, 0.4765110996857699, 0.8317971559896598, -0.28469398160792203], "cam_t_m2c": [200.7860402568724, 21.41420925150731, 852.2789137968886], "obj_id": 3}, {"cam_R_m2c": [-0.29512219295927516, 0.6499725044476485, -0.7003132404038638, -0.825036351805398, -0.5430297802367829, -0.15631275052160928, -0.4818899349670503, 0.531652519262387, 0.6965110834289784], "cam_t_m2c": [259.7685267355314, 181.68841768207858, 551.9379397302984], "obj_id": 8}, {"cam_R_m2c": [-0.1204987333894868, -0.07040923919420954, 0.9902134084567943, -0.8982976259264613, 0.4323047893857907, -0.07857445086661836, -0.42254163168427905, -0.8989744757834895, -0.11534063197064336], "cam_t_m2c": [246.09189037615457, 98.19001452927112, 672.468690531812], "obj_id": 21}, {"cam_R_m2c": [-0.07677630817740101, 0.16449186653514644, -0.9833858979802549, -0.32003780658266595, 0.9300406547709891, 0.1805552071553349, 0.9442887274877346, 0.3285830280415185, -0.018761471761612386], "cam_t_m2c": [330.1175155197098, 111.56056892489818, 627.4563892145827], "obj_id": 10}, {"cam_R_m2c": [-0.8284207054386343, -0.3438784743325979, -0.44211619478508163, 0.2335772414470066, 0.5053285614314023, -0.8307133785365903, 0.5090783899151116, -0.7914484442415403, -0.338302457911679], "cam_t_m2c": [-13.079626396494472, 154.57776236957744, 651.3979578634327], "obj_id": 27}, {"cam_R_m2c": [-0.6408498462543872, -0.7617388991110097, 0.09521199576143476, -0.5541182352587989, 0.37317062533640993, -0.7441079664535969, 0.5312856631882727, -0.5296201789652467, -0.6612397523768647], "cam_t_m2c": [51.678218632281364, 194.1004544552988, 585.0998859932416], "obj_id": 15}, {"cam_R_m2c": [-0.025343824154777345, 0.9724866324700834, -0.23157599237444423, -0.8757775610623615, -0.13330150226662366, -0.46394436415708623, -0.4820491200249965, 0.19105093341948962, 0.8550603409834118], "cam_t_m2c": [160.51600000000002, 94.149, 727.53], "obj_id": 2}, {"cam_R_m2c": [0.27487659178527424, 0.23779643221749144, 0.9316092078297336, 0.8784018766492426, -0.45610422728472644, -0.1427553044621854, 0.3909641957872873, 0.857567368011187, -0.33425320781522067], "cam_t_m2c": [298.6351332952074, 85.55009280578523, 682.9347141993304], "obj_id": 27}],
  "2": [{"cam_R_m2c": [-0.17763528678545404, -0.8011423475661127, 0.5715038441033511, -0.8396485251746967, 0.4262722603613766, 0.3365743814052987, -0.5132602254808044, -0.4200748730674815, -0.7483989858068576], "cam_t_m2c": [-45.410411249125474, 190.1174457601487, 603.462005663451], "obj_id": 16}, {"cam_R_m2c": [-0.29534963974565315, -0.4201195098195109, 0.8580607133362574, -0.6618347200348955, 0.7376893277912094, 0.13337638103984265, -0.6890162506490283, -0.528501705893148, -0.4959259553699402], "cam_t_m2c": [128.98029962837538, 154.42198725410498, 606.1988295496355], "obj_id": 15}, {"cam_R_m2c": [-0.013553226532647036, -0.9997260902786302, -0.019080211391880385, -0.8341584479169858, 0.000782552216180254, 0.5515243162189263, -0.5513583170854323, 0.023390853516557304, -0.8339405699163981], "cam_t_m2c": [100.12100000000001, 131.938, 676.317], "obj_id": 2}, {"cam_R_m2c": [0.681993589264993, 0.7066113860329296, -0.18864011590877042, 0.24121509179099757, -0.4608213266825031, -0.8540837103977797, -0.690434662870943, 0.5369767723125459, -0.4847225209365533], "cam_t_m2c": [252.72453705259352, 44.761971277822276, 721.6748185642505], "obj_id": 18}, {"cam_R_m2c": [0.21160491087362643, 0.47349423692615084, 0.8550009177140612, -0.4227065294678727, 0.8330967365154482, -0.3567478346851407, -0.8812165180245948, -0.28592487685584866, 0.37643646629355226], "cam_t_m2c": [220.35442487291348, 147.54510899464444, 598.2240793860105], "obj_id": 20}, {"cam_R_m2c": [-0.9199844772920687, 0.31755654541455247, -0.22975291511973162, 0.2005553546107284, 0.8850102440118882, 0.42015999063569015, 0.33675823862023685, 0.3404624919993295, -0.8778833523099765], "cam_t_m2c": [-16.686137168374497, 52.889726676964436, 735.6409983984687], "obj_id": 22}, {"cam_R_m2c": [-0.9060578894114095, -0.3210171547294351, 0.27569382910170454, 0.15653019047980918, -0.8595713941772003, -0.48645176305633725, 0.39313788993646565, -0.39759905015188624, 0.8290703195837017], "cam_t_m2c": [-69.48239366765642, 52.552011899224794, 717.9807515786258], "obj_id": 9}, {"cam_R_m2c": [0.6020872250307213, 0.7208993646950811, -0.3432128777261048, -0.1812637982524104, -0.2952195205570332, -0.93807721970272, -0.7775824129299191, 0.6270163799011187, -0.04707494490470415], "cam_t_m2c": [-20.034, 103.962, 668.348], "obj_id": 4}, {"cam_R_m2c": [-0.005735146115179227, 0.25693690838306377, -0.9664111615713007, -0.8239535798724149, -0.5488280989388115, -0.1410255864396325, -0.5666282787811332, 0.7954691338611217, 0.21485169480310617], "cam_t_m2c": [100.67965645035142, 34.1650086990241, 816.5190692476714], "obj_id": 28}, {"cam_R_m2c": [-0.987618638377573, -0.0431255313367978, -0.1508297506334463, 0.1114395744555725, 0.48383557883881456, -0.8680347653722575, 0.1104112601793388, -0.8740957162671764, -0.47303914471107167], "cam_t_m2c": [-137.37018130093745, 87.17889815648735, 680.3099558794999], "obj_id": 12}, {"cam_R_m2c": [0.1550048302152016, 0.23926304440516985, 0.9585023203894326, 0.8653962528727606, -0.5008659370225563, -0.014921080533992133, 0.4765110996857699, 0.8317971559896598, -0.28469398160792203], "cam_t_m2c": [200.7860402568724, 21.41420925150731, 852.2789137968886], "obj_id": 3}, {"cam_R_m2c": [-0.29512219295927516, 0.6499725044476485, -0.7003132404038638, -0.825036351805398, -0.5430297802367829, -0.15631275052160928, -0.4818899349670503, 0.531652519262387, 0.6965110834289784], "cam_t_m2c": [259.7685267355314, 181.68841768207858, 551.9379397302984], "obj_id": 8}, {"cam_R_m2c": [-0.1204987333894868, -0.07040923919420954, 0.9902134084567943, -0.8982976259264613, 0.4323047893857907, -0.07857445086661836, -0.42254163168427905, -0.8989744757834895, -0.11534063197064336], "cam_t_m2c": [246.09189037615457, 98.19001452927112, 672.468690531812], "obj_id": 21}, {"cam_R_m2c": [-0.07677630817740101, 0.16449186653514644, -0.9833858979802549, -0.32003780658266595, 0.9300406547709891, 0.1805552071553349, 0.9442887274877346, 0.3285830280415185, -0.018761471761612386], "cam_t_m2c": [330.1175155197098, 111.56056892489818, 627.4563892145827], "obj_id": 10}, {"cam_R_m2c": [-0.8284207054386343, -0.3438784743325979, -0.44211619478508163, 0.2335772414470066, 0.5053285614314023, -0.8307133785365903, 0.5090783899151116, -0.7914484442415403, -0.338302457911679], "cam_t_m2c": [-13.079626396494472, 154.57776236957744, 651.3979578634327], "obj_id": 27}, {"cam_R_m2c": [-0.6408498462543872, -0.7617388991110097, 0.09521199576143476, -0.5541182352587989, 0.37317062533640993, -0.7441079664535969, 0.5312856631882727, -0.5296201789652467, -0.6612397523768647], "cam_t_m2c": [51.678218632281364, 194.1004544552988, 585.0998859932416], "obj_id": 15}, {"cam_R_m2c": [-0.025343824154777345, 0.9724866324700834, -0.23157599237444423, -0.8757775610623615, -0.13330150226662366, -0.46394436415708623, -0.4820491200249965, 0.19105093341948962, 0.8550603409834118], "cam_t_m2c": [160.51600000000002, 94.149, 727.53], "obj_id": 2}, {"cam_R_m2c": [0.27487659178527424, 0.23779643221749144, 0.9316092078297336, 0.8784018766492426, -0.45610422728472644, -0.1427553044621854, 0.3909641957872873, 0.857567368011187, -0.33425320781522067], "cam_t_m2c": [298.6351332952074, 85.55009280578523, 682.9347141993304], "obj_id": 27}],
  "3": [{"cam_R_m2c": [-0.17763528678545404, -0.8011423475661127, 0.5715038441033511, -0.8396485251746967, 0.4262722603613766, 0.3365743814052987, -0.5132602254808044, -0.4200748730674815, -0.7483989858068576], "cam_t_m2c": [-45.410411249125474, 190.1174457601487, 603.462005663451], "obj_id": 16}, {"cam_R_m2c": [-0.29534963974565315, -0.4201195098195109, 0.8580607133362574, -0.6618347200348955, 0.7376893277912094, 0.13337638103984265, -0.6890162506490283, -0.528501705893148, -0.4959259553699402], "cam_t_m2c": [128.98029962837538, 154.42198725410498, 606.1988295496355], "obj_id": 15}, {"cam_R_m2c": [-0.013553226532647036, -0.9997260902786302, -0.019080211391880385, -0.8341584479169858, 0.000782552216180254, 0.5515243162189263, -0.5513583170854323, 0.023390853516557304, -0.8339405699163981], "cam_t_m2c": [100.12100000000001, 131.938, 676.317], "obj_id": 2}, {"cam_R_m2c": [0.681993589264993, 0.7066113860329296, -0.18864011590877042, 0.24121509179099757, -0.4608213266825031, -0.8540837103977797, -0.690434662870943, 0.5369767723125459, -0.4847225209365533], "cam_t_m2c": [252.72453705259352, 44.761971277822276, 721.6748185642505], "obj_id": 18}, {"cam_R_m2c": [0.21160491087362643, 0.47349423692615084, 0.8550009177140612, -0.4227065294678727, 0.8330967365154482, -0.3567478346851407, -0.8812165180245948, -0.28592487685584866, 0.37643646629355226], "cam_t_m2c": [220.35442487291348, 147.54510899464444, 598.2240793860105], "obj_id": 20}, {"cam_R_m2c": [-0.9199844772920687, 0.31755654541455247, -0.22975291511973162, 0.2005553546107284, 0.8850102440118882, 0.42015999063569015, 0.33675823862023685, 0.3404624919993295, -0.8778833523099765], "cam_t_m2c": [-16.686137168374497, 52.889726676964436, 735.6409983984687], "obj_id": 22}, {"cam_R_m2c": [-0.9060578894114095, -0.3210171547294351, 0.27569382910170454, 0.15653019047980918, -0.8595713941772003, -0.48645176305633725, 0.39313788993646565, -0.39759905015188624, 0.8290703195837017], "cam_t_m2c": [-69.48239366765642, 52.552011899224794, 717.9807515786258], "obj_id": 9}, {"cam_R_m2c": [0.6020872250307213, 0.7208993646950811, -0.3432128777261048, -0.1812637982524104, -0.2952195205570332, -0.93807721970272, -0.7775824129299191, 0.6270163799011187, -0.04707494490470415], "cam_t_m2c": [-20.034, 103.962, 668.348], "obj_id": 4}, {"cam_R_m2c": [-0.005735146115179227, 0.25693690838306377, -0.9664111615713007, -0.8239535798724149, -0.5488280989388115, -0.1410255864396325, -0.5666282787811332, 0.7954691338611217, 0.21485169480310617], "cam_t_m2c": [100.67965645035142, 34.1650086990241, 816.5190692476714], "obj_id": 28}, {"cam_R_m2c": [-0.987618638377573, -0.0431255313367978, -0.1508297506334463, 0.1114395744555725, 0.48383557883881456, -0.8680347653722575, 0.1104112601793388, -0.8740957162671764, -0.47303914471107167], "cam_t_m2c": [-137.37018130093745, 87.17889815648735, 680.3099558794999], "obj_id": 12}, {"cam_R_m2c": [0.1550048302152016, 0.23926304440516985, 0.9585023203894326, 0.8653962528727606, -0.5008659370225563, -0.014921080533992133, 0.4765110996857699, 0.8317971559896598, -0.28469398160792203], "cam_t_m2c": [200.7860402568724, 21.41420925150731, 852.2789137968886], "obj_id": 3}, {"cam_R_m2c": [-0.29512219295927516, 0.6499725044476485, -0.7003132404038638, -0.825036351805398, -0.5430297802367829, -0.15631275052160928, -0.4818899349670503, 0.531652519262387, 0.6965110834289784], "cam_t_m2c": [259.7685267355314, 181.68841768207858, 551.9379397302984], "obj_id": 8}, {"cam_R_m2c": [-0.1204987333894868, -0.07040923919420954, 0.9902134084567943, -0.8982976259264613, 0.4323047893857907, -0.07857445086661836, -0.42254163168427905, -0.8989744757834895, -0.11534063197064336], "cam_t_m2c": [246.09189037615457, 98.19001452927112, 672.468690531812], "obj_id": 21}, {"cam_R_m2c": [-0.07677630817740101, 0.16449186653514644, -0.9833858979802549, -0.32003780658266595, 0.9300406547709891, 0.1805552071553349, 0.9442887274877346, 0.3285830280415185, -0.018761471761612386], "cam_t_m2c": [330.1175155197098, 111.56056892489818, 627.4563892145827], "obj_id": 10}, {"cam_R_m2c": [-0.8284207054386343, -0.3438784743325979, -0.44211619478508163, 0.2335772414470066, 0.5053285614314023, -0.8307133785365903, 0.5090783899151116, -0.7914484442415403, -0.338302457911679], "cam_t_m2c": [-13.079626396494472, 154.57776236957744, 651.3979578634327], "obj_id": 27}, {"cam_R_m2c": [-0.6408498462543872, -0.7617388991110097, 0.09521199576143476, -0.5541182352587989, 0.37317062533640993, -0.7441079664535969, 0.5312856631882727, -0.5296201789652467, -0.6612397523768647], "cam_t_m2c": [51.678218632281364, 194.1004544552988, 585.0998859932416], "obj_id": 15}, {"cam_R_m2c": [-0.025343824154777345, 0.9724866324700834, -0.23157599237444423, -0.8757775610623615, -0.13330150226662366, -0.46394436415708623, -0.4820491200249965, 0.19105093341948962, 0.8550603409834118], "cam_t_m2c": [160.51600000000002, 94.149, 727.53], "obj_id": 2}, {"cam_R_m2c": [0.27487659178527424, 0.23779643221749144, 0.9316092078297336, 0.8784018766492426, -0.45610422728472644, -0.1427553044621854, 0.3909641957872873, 0.857567368011187, -0.33425320781522067], "cam_t_m2c": [298.6351332952074, 85.55009280578523, 682.9347141993304], "obj_id": 27}],
  "4": [{"cam_R_m2c": [-0.17763528678545404, -0.8011423475661127, 0.5715038441033511, -0.8396485251746967, 0.4262722603613766, 0.3365743814052987, -0.5132602254808044, -0.4200748730674815, -0.7483989858068576], "cam_t_m2c": [-45.410411249125474, 190.1174457601487, 603.462005663451], "obj_id": 16}, {"cam_R_m2c": [-0.29534963974565315, -0.4201195098195109, 0.8580607133362574, -0.6618347200348955, 0.7376893277912094, 0.13337638103984265, -0.6890162506490283, -0.528501705893148, -0.4959259553699402], "cam_t_m2c": [128.98029962837538, 154.42198725410498, 606.1988295496355], "obj_id": 15}, {"cam_R_m2c": [-0.013553226532647036, -0.9997260902786302, -0.019080211391880385, -0.8341584479169858, 0.000782552216180254, 0.5515243162189263, -0.5513583170854323, 0.023390853516557304, -0.8339405699163981], "cam_t_m2c": [100.12100000000001, 131.938, 676.317], "obj_id": 2}, {"cam_R_m2c": [0.681993589264993, 0.7066113860329296, -0.18864011590877042, 0.24121509179099757, -0.4608213266825031, -0.8540837103977797, -0.690434662870943, 0.5369767723125459, -0.4847225209365533], "cam_t_m2c": [252.72453705259352, 44.761971277822276, 721.6748185642505], "obj_id": 18}, {"cam_R_m2c": [0.21160491087362643, 0.47349423692615084, 0.8550009177140612, -0.4227065294678727, 0.8330967365154482, -0.3567478346851407, -0.8812165180245948, -0.28592487685584866, 0.37643646629355226], "cam_t_m2c": [220.35442487291348, 147.54510899464444, 598.2240793860105], "obj_id": 20}, {"cam_R_m2c": [-0.9199844772920687, 0.31755654541455247, -0.22975291511973162, 0.2005553546107284, 0.8850102440118882, 0.42015999063569015, 0.33675823862023685, 0.3404624919993295, -0.8778833523099765], "cam_t_m2c": [-16.686137168374497, 52.889726676964436, 735.6409983984687], "obj_id": 22}, {"cam_R_m2c": [-0.9060578894114095, -0.3210171547294351, 0.27569382910170454, 0.15653019047980918, -0.8595713941772003, -0.48645176305633725, 0.39313788993646565, -0.39759905015188624, 0.8290703195837017], "cam_t_m2c": [-69.48239366765642, 52.552011899224794, 717.9807515786258], "obj_id": 9}, {"cam_R_m2c": [0.6020872250307213, 0.7208993646950811, -0.3432128777261048, -0.1812637982524104, -0.2952195205570332, -0.93807721970272, -0.7775824129299191, 0.6270163799011187, -0.04707494490470415], "cam_t_m2c": [-20.034, 103.962, 668.348], "obj_id": 4}, {"cam_R_m2c": [-0.005735146115179227, 0.25693690838306377, -0.9664111615713007, -0.8239535798724149, -0.5488280989388115, -0.1410255864396325, -0.5666282787811332, 0.7954691338611217, 0.21485169480310617], "cam_t_m2c": [100.67965645035142, 34.1650086990241, 816.5190692476714], "obj_id": 28}, {"cam_R_m2c": [-0.987618638377573, -0.0431255313367978, -0.1508297506334463, 0.1114395744555725, 0.48383557883881456, -0.8680347653722575, 0.1104112601793388, -0.8740957162671764, -0.47303914471107167], "cam_t_m2c": [-137.37018130093745, 87.17889815648735, 680.3099558794999], "obj_id": 12}, {"cam_R_m2c": [0.1550048302152016, 0.23926304440516985, 0.9585023203894326, 0.8653962528727606, -0.5008659370225563, -0.014921080533992133, 0.4765110996857699, 0.8317971559896598, -0.28469398160792203], "cam_t_m2c": [200.7860402568724, 21.41420925150731, 852.2789137968886], "obj_id": 3}, {"cam_R_m2c": [-0.29512219295927516, 0.6499725044476485, -0.7003132404038638, -0.825036351805398, -0.5430297802367829, -0.15631275052160928, -0.4818899349670503, 0.531652519262387, 0.6965110834289784], "cam_t_m2c": [259.7685267355314, 181.68841768207858, 551.9379397302984], "obj_id": 8}, {"cam_R_m2c": [-0.1204987333894868, -0.07040923919420954, 0.9902134084567943, -0.8982976259264613, 0.4323047893857907, -0.07857445086661836, -0.42254163168427905, -0.8989744757834895, -0.11534063197064336], "cam_t_m2c": [246.09189037615457, 98.19001452927112, 672.468690531812], "obj_id": 21}, {"cam_R_m2c": [-0.07677630817740101, 0.16449186653514644, -0.9833858979802549, -0.32003780658266595, 0.9300406547709891, 0.1805552071553349, 0.9442887274877346, 0.3285830280415185, -0.018761471761612386], "cam_t_m2c": [330.1175155197098, 111.56056892489818, 627.4563892145827], "obj_id": 10}, {"cam_R_m2c": [-0.8284207054386343, -0.3438784743325979, -0.44211619478508163, 0.2335772414470066, 0.5053285614314023, -0.8307133785365903, 0.5090783899151116, -0.7914484442415403, -0.338302457911679], "cam_t_m2c": [-13.079626396494472, 154.57776236957744, 651.3979578634327], "obj_id": 27}, {"cam_R_m2c": [-0.6408498462543872, -0.7617388991110097, 0.09521199576143476, -0.5541182352587989, 0.37317062533640993, -0.7441079664535969, 0.5312856631882727, -0.5296201789652467, -0.6612397523768647], "cam_t_m2c": [51.678218632281364, 194.1004544552988, 585.0998859932416], "obj_id": 15}, {"cam_R_m2c": [-0.025343824154777345, 0.9724866324700834, -0.23157599237444423, -0.8757775610623615, -0.13330150226662366, -0.46394436415708623, -0.4820491200249965, 0.19105093341948962, 0.8550603409834118], "cam_t_m2c": [160.51600000000002, 94.149, 727.53], "obj_id": 2}, {"cam_R_m2c": [0.27487659178527424, 0.23779643221749144, 0.9316092078297336, 0.8784018766492426, -0.45610422728472644, -0.1427553044621854, 0.3909641957872873, 0.857567368011187, -0.33425320781522067], "cam_t_m2c": [298.6351332952074, 85.55009280578523, 682.9347141993304], "obj_id": 27}]
}